3
* 7 4
5 8 2
3 1 6
[24] 

3
8 1 3
4 * 2
7 6 5
[14]

3
8 6 7
2 5 4
3 * 1
[31]

3
1 2 3
4 5 6
8 7 *
[no]

3
1 2 3
4 5 6
7 * 8
[1]

3
1 3 2
4 6 5
7 8 *
[18]

4
2 3 4 *
1 5 7 8
9 6 10 12
13 14 11 15
[9]

4
13 1 2 4
5 * 3 7
9 6 10 12
15 8 11 14
[no]


// from subhangkar

3
1 5 *
7 6 4
2 3 8
[22]

3
8 2 *
5 4 7
3 6 1
[26]

3
8 2 7
5 * 6
4 3 1
[24]

3
1 5 *
7 6 4
2 3 8
[22]

3
5 6 *
7 1 4
3 8 2
[22]

3
* 4 1
5 3 8
2 7 6
[22]

4
1 2 3 4
5 6 7 *
8 9 10 11
12 13 14 15
[30]

4
4 1 2 3
5 9 7 *
8 6 10 11
12 13 14 15
[40]

4
14 8 12 1
9 6 4 3
7 2 5 11
10 * 13 15
[48]
// 132s

4
1 7 * 9
3 13 4 8
5 11 2 15
12 14 10 6
[46]
// 57s

4
12 14 9 2
4 * 15 3
1 10 11 8
13 6 7 5
[48]
// 37s

4
* 8 14 11
9 5 6 15
12 7 2 13
1 3 10 4
[60]
// does not terminate

4
1 3 11 14
9 10 15 4
* 5 12 8
6 13 2 7
[44]
// 67s

3
8 2 *
5 4 7
3 6 1
[26]

4
15 1 2 12
8 5 6 11
4 9 10 7
3 14 13 *
// not stopping

4
1 2 3 4
5 6 * 8
9 10 7 11
13 14 15 12
[3]

3
7 2 4
5 * 6
8 3 1
[20]

3
1 3 2
7 8 6
4 5 *
// not solvable

3
3 2 1
* 4 5
8 6 7
// not solva*le

3
7 2 4
6 * 5
8 3 1
// not solva*le


3
* 1 3
4 2 5
7 8 6
[4]

3
1 * 2
7 5 4
8 6 3
[11]

4
9 1 10 5
14 8 13 3
2 6 12 *
15 4 11 7
[no]

3
1 2 3
* 6 4
8 5 7
[19]

2
3 1
2 *
[4]

3
* 1 3
4 2 5
7 8 6
[4]

4
5 10 14 7
8 3 6 1
15 * 12 9
2 11 4 13


// from stackoverflow
3
1 3 5
4 * 2
7 8 6
[6]

3
1 4 *
5 2 8
7 6 3
[18]

3
2 1 7
5 * 8
3 4 6
[26]

3
8 5 3
4 7 *
6 1 2
[27]

3
* 6 7
3 8 5
4 2 1
[28]

3
5 7 *
4 6 8
1 2 3
[30]

3
8 6 7
2 5 4
3 * 1
[31]

